1.000000000000000000e+00 2.000000000000000000e+02 1.577680000000000000e+05 9.999967906877366836e-03 -1.672971392779754041e-01 8.869115361574008452e-06 1.376754227378754469e-01
1.000000000000000000e+00 2.250000000000000000e+02 1.989420000000000000e+05 8.888881124062403966e-03 -1.669938105856471344e-01 -3.141458761651686106e-05 2.737827543994196811e-01
1.000000000000000000e+00 2.500000000000000000e+02 2.466680000000000000e+05 7.999994187957118474e-03 -1.669129566519438890e-01 -3.430644828943034359e-05 5.069508396682579493e-02
1.000000000000000000e+00 2.750000000000000000e+02 2.976060000000000000e+05 7.272675846187588895e-03 -1.669212213974779757e-01 3.534838878278257331e-05 -5.155735565572243384e-02
1.000000000000000000e+00 3.000000000000000000e+02 3.549120000000000000e+05 6.666659542253238965e-03 -1.667289940904038426e-01 1.173422824823756543e-06 -5.583541336958757623e-02
2.000000000000000000e+00 2.000000000000000000e+02 1.577680000000000000e+05 1.999993581375473367e-02 -3.321378046277382867e-01 1.773821030985750299e-05 1.376750135696534483e-01
2.000000000000000000e+00 2.250000000000000000e+02 1.989420000000000000e+05 1.777776224812480793e-02 -3.315311356258882070e-01 -6.282900520880950305e-05 2.737820750123992064e-01
2.000000000000000000e+00 2.500000000000000000e+02 2.466680000000000000e+05 1.599998837591423695e-02 -3.313694190877275458e-01 -6.861284326798323258e-05 5.069494594692096345e-02
2.000000000000000000e+00 2.750000000000000000e+02 2.976060000000000000e+05 1.454535169237517779e-02 -3.313859417958958109e-01 7.069674247748752090e-05 -5.155733513976144128e-02
2.000000000000000000e+00 3.000000000000000000e+02 3.549120000000000000e+05 1.333331908450647793e-02 -3.310014823953049135e-01 2.346809574830126512e-06 -5.583533700503871128e-02
3.000000000000000000e+00 2.000000000000000000e+02 1.574280000000000000e+05 2.999990641350494189e-02 nan nan nan
3.000000000000000000e+00 2.250000000000000000e+02 1.992050000000000000e+05 2.666634864227080196e-02 -4.911590740699943725e-01 -7.565517934937904199e-06 -2.020242420653878615e-02
3.000000000000000000e+00 2.500000000000000000e+02 2.467800000000000000e+05 2.399965017723785371e-02 -4.914057972162269583e-01 -2.761516753063435387e-04 1.026975750138659910e-01
3.000000000000000000e+00 2.750000000000000000e+02 2.983740000000000000e+05 2.181804602672551482e-02 -4.908372871863103670e-01 2.724636632017896317e-05 -1.276392074168644364e-01
3.000000000000000000e+00 3.000000000000000000e+02 3.549940000000000000e+05 1.999996411848838432e-02 -4.910325438008056320e-01 -1.580899056636515874e-04 -7.823847531402165767e-02
4.000000000000000000e+00 2.000000000000000000e+02 1.577680000000000000e+05 3.999987162750946734e-02 -6.456055229482837721e-01 3.547626316411739379e-05 1.376733778449423518e-01
4.000000000000000000e+00 2.250000000000000000e+02 1.989420000000000000e+05 3.555552449624961586e-02 -6.443921004041889278e-01 -1.256566599790261325e-04 2.737793600423655827e-01
4.000000000000000000e+00 2.500000000000000000e+02 2.466680000000000000e+05 3.199997675182847390e-02 -6.440686038888339127e-01 -1.372252612037028066e-04 5.069439433027627534e-02
4.000000000000000000e+00 2.750000000000000000e+02 2.976060000000000000e+05 2.909070338475035558e-02 -6.441015994851965187e-01 1.413932012856113541e-04 -5.155725306770938404e-02
4.000000000000000000e+00 3.000000000000000000e+02 3.549120000000000000e+05 2.666663816901295586e-02 -6.433326457255374997e-01 4.693328702426119998e-06 -5.583503182395924136e-02
5.000000000000000000e+00 2.000000000000000000e+02 1.577980000000000000e+05 4.999995110311605123e-02 -7.899791457147826712e-01 4.381902850690693471e-04 2.124081081553757799e-01
5.000000000000000000e+00 2.250000000000000000e+02 2.001830000000000000e+05 4.444401606933234827e-02 -7.884880154181538314e-01 5.616411741796636784e-05 7.581867901936856224e-02
5.000000000000000000e+00 2.500000000000000000e+02 2.465560000000000000e+05 3.999947203428834419e-02 -7.888467920756569995e-01 4.085820649214113448e-04 5.856196078373233915e-02
5.000000000000000000e+00 2.750000000000000000e+02 2.974750000000000000e+05 3.636352778251041723e-02 -7.886458445159602038e-01 8.584853762682516137e-05 -1.329769059391953667e-01
5.000000000000000000e+00 3.000000000000000000e+02 3.548560000000000000e+05 3.333322416390976234e-02 -7.893079162150068440e-01 8.073102077419407497e-05 2.684422591284087774e-03
7.000000000000000000e+00 2.000000000000000000e+02 1.578800000000000000e+05 6.999907074279784758e-02 -1.052255448979710239e+00 -7.497860562652087536e-04 3.382656803572879622e-02
7.000000000000000000e+00 2.250000000000000000e+02 2.006850000000000000e+05 6.222160186102205365e-02 -1.049298816337538742e+00 -2.039491773459352480e-05 -2.244152469293086982e-01
7.000000000000000000e+00 2.500000000000000000e+02 2.468400000000000000e+05 5.599982393646042722e-02 -1.049758558389645380e+00 -3.714566123564247251e-04 1.477377785728683224e-01
7.000000000000000000e+00 2.750000000000000000e+02 2.977490000000000000e+05 5.090905709419221020e-02 -1.049160549495617101e+00 -4.584354870732853886e-04 1.129005569251329867e-02
7.000000000000000000e+00 3.000000000000000000e+02 3.543680000000000000e+05 4.666665153705303049e-02 -1.047523591136099386e+00 -3.748820628201689274e-04 -2.101858372118486640e-01
1.000000000000000000e+01 2.000000000000000000e+02 1.577980000000000000e+05 9.999990220623210246e-02 -1.366428270773311748e+00 8.763658726701211051e-04 2.123907728320444666e-01
1.000000000000000000e+01 2.250000000000000000e+02 2.001830000000000000e+05 8.888803213866469655e-02 -1.363445275465660966e+00 1.123254007695315403e-04 7.581587383518899326e-02
1.000000000000000000e+01 2.500000000000000000e+02 2.465560000000000000e+05 7.999894406857668838e-02 -1.364162180600787311e+00 8.171467791409347528e-04 5.856098560897670530e-02
1.000000000000000000e+01 2.750000000000000000e+02 2.974750000000000000e+05 7.272705556502083446e-02 -1.363759800525841559e+00 1.716960715530450280e-04 -1.329714298685649998e-01
1.000000000000000000e+01 3.000000000000000000e+02 3.548560000000000000e+05 6.666644832781952468e-02 -1.365083566485491673e+00 1.614600930426569013e-04 2.683572877119600863e-03
2.000000000000000000e+01 4.000000000000000000e+02 6.313950000000000000e+05 9.999998511725625983e-02 -1.915511114379322422e+00 -2.065885191910356853e-04 9.475812170576831950e-02
2.000000000000000000e+01 4.250000000000000000e+02 7.117720000000000000e+05 9.411749527861093534e-02 -1.916961935680658646e+00 -1.806726508329591075e-04 -6.605961860509730610e-02
2.000000000000000000e+01 4.500000000000000000e+02 7.985970000000000000e+05 8.888886509755870857e-02 -1.915799032603848540e+00 5.467281360828578872e-04 3.650131790787900649e-02
2.000000000000000000e+01 4.750000000000000000e+02 8.907760000000000000e+05 8.421048541021435019e-02 -1.914312306848722889e+00 -1.290179704664086381e-04 -2.611603915861837599e-02
2.000000000000000000e+01 5.000000000000000000e+02 9.870770000000000000e+05 7.999992645256756574e-02 -1.914053339025725720e+00 9.892554776218336857e-05 -3.715986900521504183e-02
3.000000000000000000e+01 4.000000000000000000e+02 6.309110000000000000e+05 1.499996514783973334e-01 -2.128716166627222517e+00 -4.245609475823967048e-04 -1.444089781628565654e-02
3.000000000000000000e+01 4.250000000000000000e+02 7.108560000000000000e+05 1.411761875715779879e-01 nan nan nan
3.000000000000000000e+01 4.500000000000000000e+02 7.987690000000000000e+05 1.333327459060560660e-01 nan nan nan
3.000000000000000000e+01 4.750000000000000000e+02 8.904480000000000000e+05 1.263157531665506927e-01 -2.128006260688980689e+00 -3.516340752157261457e-04 2.762295119434154261e-02
3.000000000000000000e+01 5.000000000000000000e+02 9.864620000000000000e+05 1.199997409368089712e-01 -2.126798397123354611e+00 1.267933071199336091e-03 -4.396966332320303983e-02
4.000000000000000000e+01 4.000000000000000000e+02 6.313950000000000000e+05 1.999999702345125197e-01 -2.228727480695857022e+00 -4.131628164098993328e-04 9.474216819687973634e-02
4.000000000000000000e+01 4.250000000000000000e+02 7.117720000000000000e+05 1.882349905572218707e-01 -2.231628248521515978e+00 -3.613611448156300128e-04 -6.604522528904886725e-02
4.000000000000000000e+01 4.500000000000000000e+02 7.985970000000000000e+05 1.777777301951174171e-01 -2.229302803205174044e+00 1.093350261610198659e-03 3.648989357877832629e-02
4.000000000000000000e+01 4.750000000000000000e+02 8.907760000000000000e+05 1.684209708204287004e-01 -2.226329611051626856e+00 -2.580586732171756656e-04 -2.611200268888302575e-02
4.000000000000000000e+01 5.000000000000000000e+02 9.870770000000000000e+05 1.599998529051351315e-01 -2.225811454677084189e+00 1.978588719916842648e-04 -3.715429782600811193e-02
5.000000000000000000e+01 4.000000000000000000e+02 6.298150000000000000e+05 2.499996426916627212e-01 -2.293694393892664607e+00 -4.589756241083204464e-04 8.370719700742565439e-02
5.000000000000000000e+01 4.250000000000000000e+02 7.122700000000000000e+05 2.352940462698449864e-01 -2.288181130062986846e+00 -1.970579570992449312e-04 -7.623892636410153911e-02
5.000000000000000000e+01 4.500000000000000000e+02 7.978640000000000000e+05 2.222221680059989490e-01 -2.290553408414561787e+00 6.616426323042787520e-04 -5.309732080197502452e-02
5.000000000000000000e+01 4.750000000000000000e+02 8.920020000000000000e+05 2.105262373014216981e-01 -2.285043104894667554e+00 -1.302216280109052843e-03 -8.275425639143341172e-02
5.000000000000000000e+01 5.000000000000000000e+02 9.863400000000000000e+05 1.999993867605269482e-01 -2.287802821642273443e+00 1.117941410519733992e-03 -5.217533345170619757e-02
