1.000000000000000000e+00 2.000000000000000000e+02 1.577680000000000000e+05 9.999967906877366836e-03 -8.283258137275889554e-02 4.434550893340599066e-06 6.883743860095353773e-02
1.000000000000000000e+00 2.250000000000000000e+02 1.989420000000000000e+05 8.888881124062403966e-03 -8.268091317959061493e-02 -1.570723806802890390e-05 1.368909243224783190e-01
1.000000000000000000e+00 2.500000000000000000e+02 2.466680000000000000e+05 7.999994187957118474e-03 -8.264048333910391231e-02 -1.715320635048942654e-05 2.534744997368249333e-02
1.000000000000000000e+00 2.750000000000000000e+02 2.976060000000000000e+05 7.272675846187588895e-03 -8.264461346390598873e-02 1.767418254948952938e-05 -2.577866415168209024e-02
1.000000000000000000e+00 3.000000000000000000e+02 3.549120000000000000e+05 6.666659542253238965e-03 -8.254849822463850018e-02 5.866993424220764925e-07 -2.791765578075496024e-02
2.000000000000000000e+00 2.000000000000000000e+02 1.577680000000000000e+05 1.999993581375473367e-02 -1.599270727958903293e-01 8.869053160029056459e-06 6.883641646102683920e-02
2.000000000000000000e+00 2.250000000000000000e+02 1.989420000000000000e+05 1.777776224812480793e-02 -1.596237107935108424e-01 -3.141405336038172711e-05 1.368892279660577638e-01
2.000000000000000000e+00 2.500000000000000000e+02 2.466680000000000000e+05 1.599998837591423695e-02 -1.595428318568851977e-01 -3.430627987003810093e-05 2.534710530431899533e-02
2.000000000000000000e+00 2.750000000000000000e+02 2.976060000000000000e+05 1.454535169237517779e-02 -1.595510769635528070e-01 3.534827659246934077e-05 -2.577861285314964404e-02
2.000000000000000000e+00 3.000000000000000000e+02 3.549120000000000000e+05 1.333331908450647793e-02 -1.593588358802064953e-01 1.173308135894989015e-06 -2.791746508777253125e-02
3.000000000000000000e+00 2.000000000000000000e+02 1.574280000000000000e+05 2.999990641350494189e-02 nan nan nan
3.000000000000000000e+00 2.250000000000000000e+02 1.992050000000000000e+05 2.666634864227080196e-02 -2.267368706954286939e-01 -3.782453566509447659e-06 -1.010052724930498615e-02
3.000000000000000000e+00 2.500000000000000000e+02 2.467800000000000000e+05 2.399965017723785371e-02 -2.268601664005125418e-01 -1.380736159803890690e-04 5.134763672434469739e-02
3.000000000000000000e+00 2.750000000000000000e+02 2.983740000000000000e+05 2.181804602672551482e-02 -2.265758718326421617e-01 1.362311753779838746e-05 -6.381882210726855242e-02
3.000000000000000000e+00 3.000000000000000000e+02 3.549940000000000000e+05 1.999996411848838432e-02 -2.266734623087942324e-01 -7.904455298813160152e-05 -3.911839745836794696e-02
4.000000000000000000e+00 2.000000000000000000e+02 1.577680000000000000e+05 3.999987162750946734e-02 -2.832867055065084738e-01 1.773777510002850575e-05 6.883233793204579509e-02
4.000000000000000000e+00 2.250000000000000000e+02 1.989420000000000000e+05 3.555552449624961586e-02 -2.826798485305047071e-01 -6.282483013980395077e-05 1.368824697597869067e-01
4.000000000000000000e+00 2.500000000000000000e+02 2.466680000000000000e+05 3.199997675182847390e-02 -2.825179873841404121e-01 -6.861151819443440849e-05 2.534573166563872451e-02
4.000000000000000000e+00 2.750000000000000000e+02 2.976060000000000000e+05 2.909070338475035558e-02 -2.825343945243637411e-01 7.069583165266070520e-05 -2.577840754292206119e-02
4.000000000000000000e+00 3.000000000000000000e+02 3.549120000000000000e+05 2.666663816901295586e-02 -2.821498561139848538e-01 2.345908220818646778e-06 -2.791670480721617290e-02
5.000000000000000000e+00 2.000000000000000000e+02 1.577980000000000000e+05 4.999995110311605123e-02 -3.280230142871927157e-01 2.190902410563089382e-04 1.061925084903971445e-01
5.000000000000000000e+00 2.250000000000000000e+02 2.001830000000000000e+05 4.444401606933234827e-02 -3.272772314570769892e-01 2.808112171195941393e-05 3.790747087243084845e-02
5.000000000000000000e+00 2.500000000000000000e+02 2.465560000000000000e+05 3.999947203428834419e-02 -3.274564230375587859e-01 2.042852593513786298e-04 2.928032912094572643e-02
5.000000000000000000e+00 2.750000000000000000e+02 2.974750000000000000e+05 3.636352778251041723e-02 -3.273558020724522954e-01 4.292391961726673859e-05 -6.648480420908872701e-02
5.000000000000000000e+00 3.000000000000000000e+02 3.548560000000000000e+05 3.333322416390976234e-02 -3.276867229494783706e-01 4.036485900005922276e-05 1.341645967583536764e-03
7.000000000000000000e+00 2.000000000000000000e+02 1.578800000000000000e+05 6.999907074279784758e-02 -3.922897528343855522e-01 -3.748609497312396419e-04 1.690602013263178827e-02
7.000000000000000000e+00 2.250000000000000000e+02 2.006850000000000000e+05 6.222160186102205365e-02 -3.908111963099321629e-01 -1.019249672933756860e-05 -1.121922349285962711e-01
7.000000000000000000e+00 2.500000000000000000e+02 2.468400000000000000e+05 5.599982393646042722e-02 -3.910407336157912250e-01 -1.857264863206249282e-04 7.386088818515615384e-02
7.000000000000000000e+00 2.750000000000000000e+02 2.977490000000000000e+05 5.090905709419221020e-02 -3.907415362669327541e-01 -2.292111524889979893e-04 5.644264318738186417e-03
7.000000000000000000e+00 3.000000000000000000e+02 3.543680000000000000e+05 4.666665153705303049e-02 -3.899229505345615521e-01 -1.874358158842100023e-04 -1.050858359544557113e-01
1.000000000000000000e+01 2.000000000000000000e+02 1.577980000000000000e+05 9.999990220623210246e-02 -4.458672201429328408e-01 4.381433474375357145e-04 1.061497754289091322e-01
1.000000000000000000e+01 2.250000000000000000e+02 2.001830000000000000e+05 8.888803213866469655e-02 -4.443755361923718006e-01 5.615580956693588886e-05 3.790053749739088346e-02
1.000000000000000000e+01 2.500000000000000000e+02 2.465560000000000000e+05 7.999894406857668838e-02 -4.447335200501303931e-01 4.085280608786299528e-04 2.927783053973650670e-02
1.000000000000000000e+01 2.750000000000000000e+02 2.974750000000000000e+05 7.272705556502083446e-02 -4.445319810565179219e-01 8.584402704385357967e-05 -6.647121962963636888e-02
1.000000000000000000e+01 3.000000000000000000e+02 3.548560000000000000e+05 6.666644832781952468e-02 -4.451935640038992004e-01 8.072465561506672019e-05 1.339582780643181143e-03
2.000000000000000000e+01 4.000000000000000000e+02 6.313950000000000000e+05 9.999998511725625983e-02 -5.055805289297621297e-01 -1.032892581941253070e-04 4.736841204753739626e-02
2.000000000000000000e+01 4.250000000000000000e+02 7.117720000000000000e+05 9.411749527861093534e-02 -5.063056644050256683e-01 -9.034125533976446339e-05 -3.302022290541590382e-02
2.000000000000000000e+01 4.500000000000000000e+02 7.985970000000000000e+05 8.888886509755870857e-02 -5.057243450507472593e-01 2.733289142110842049e-04 1.824306372113063818e-02
2.000000000000000000e+01 4.750000000000000000e+02 8.907760000000000000e+05 8.421048541021435019e-02 -5.049810792085723810e-01 -6.451647757197560807e-05 -1.305532962543127368e-02
2.000000000000000000e+01 5.000000000000000000e+02 9.870770000000000000e+05 7.999992645256756574e-02 -5.048515311574796049e-01 4.946516461079741340e-05 -1.857622046629272758e-02
3.000000000000000000e+01 4.000000000000000000e+02 6.309110000000000000e+05 1.499996514783973334e-01 -5.276436266330842839e-01 -2.121551256508924727e-04 -7.208686897504352695e-03
3.000000000000000000e+01 4.250000000000000000e+02 7.108560000000000000e+05 1.411761875715779879e-01 nan nan nan
3.000000000000000000e+01 4.500000000000000000e+02 7.987690000000000000e+05 1.333327459060560660e-01 nan nan nan
3.000000000000000000e+01 4.750000000000000000e+02 8.904480000000000000e+05 1.263157531665506927e-01 -5.272892802082015384e-01 -1.757769378544513453e-04 1.380217596993590055e-02
3.000000000000000000e+01 5.000000000000000000e+02 9.864620000000000000e+05 1.199997409368089712e-01 -5.266855322878506440e-01 6.338285476644587224e-04 -2.197551029035553147e-02
4.000000000000000000e+01 4.000000000000000000e+02 6.313950000000000000e+05 1.999999702345125197e-01 -5.371625229516303612e-01 -2.065231795323461440e-04 4.732792649434707649e-02
4.000000000000000000e+01 4.250000000000000000e+02 7.117720000000000000e+05 1.882349905572218707e-01 -5.386112458436678185e-01 -1.806954022660407398e-04 -3.298472130251831058e-02
4.000000000000000000e+01 4.500000000000000000e+02 7.985970000000000000e+05 1.777777301951174171e-01 -5.374498959283801058e-01 5.464050838454879771e-04 1.821555276152891922e-02
4.000000000000000000e+01 4.750000000000000000e+02 8.907760000000000000e+05 1.684209708204287004e-01 -5.359643819497819095e-01 -1.290822839488447516e-04 -1.304529387963056924e-02
4.000000000000000000e+01 5.000000000000000000e+02 9.870770000000000000e+05 1.599998529051351315e-01 -5.357050800181479833e-01 9.893496623002867064e-05 -1.856230665256842702e-02
5.000000000000000000e+01 4.000000000000000000e+02 6.298150000000000000e+05 2.499996426916627212e-01 -5.462885865841436983e-01 -2.291288528324446035e-04 4.178553033895942431e-02
5.000000000000000000e+01 4.250000000000000000e+02 7.122700000000000000e+05 2.352940462698449864e-01 -5.435345712075042579e-01 -9.765710538504443114e-05 -3.807071820067817886e-02
5.000000000000000000e+01 4.500000000000000000e+02 7.978640000000000000e+05 2.222221680059989490e-01 -5.447208113065773460e-01 3.305454539422999420e-04 -2.651516024105430441e-02
5.000000000000000000e+01 4.750000000000000000e+02 8.920020000000000000e+05 2.105262373014216981e-01 -5.419680051946261790e-01 -6.507888245553285472e-04 -4.130863430482379500e-02
5.000000000000000000e+01 5.000000000000000000e+02 9.863400000000000000e+05 1.999993867605269482e-01 -5.433461036431636026e-01 5.587510175955089434e-04 -2.604456866089123815e-02
