1.000000000000000000e+00 2.000000000000000000e+02 1.577680000000000000e+05 9.999967906877366836e-03 -1.636876384480288327e-01 8.869085189506694986e-06 1.376741955216408408e-01
1.000000000000000000e+00 2.250000000000000000e+02 1.989420000000000000e+05 8.888881124062403966e-03 -1.633842929787227005e-01 -3.141433348032828665e-05 2.737807170257980371e-01
1.000000000000000000e+00 2.500000000000000000e+02 2.466680000000000000e+05 7.999994187957118474e-03 -1.633034264965391724e-01 -3.430636827831864808e-05 5.069467003968783358e-02
1.000000000000000000e+00 2.750000000000000000e+02 2.976060000000000000e+05 7.272675846187588895e-03 -1.633116814110092130e-01 3.534833575517572484e-05 -5.155729410671991420e-02
1.000000000000000000e+00 3.000000000000000000e+02 3.549120000000000000e+05 6.666659542253238965e-03 -1.631194471814630953e-01 1.173368342145635667e-06 -5.583518437167149517e-02
2.000000000000000000e+00 2.000000000000000000e+02 1.577680000000000000e+05 1.999993581375473367e-02 -3.061919787321312203e-01 1.773798662805782739e-05 1.376701105769358724e-01
2.000000000000000000e+00 2.250000000000000000e+02 1.989420000000000000e+05 1.777776224812480793e-02 -3.055851996241308877e-01 -6.282699958070528769e-05 2.737739414576205177e-01
2.000000000000000000e+00 2.500000000000000000e+02 2.466680000000000000e+05 1.599998837591423695e-02 -3.054233997191651562e-01 -6.861220948365119631e-05 5.069329318988666927e-02
2.000000000000000000e+00 2.750000000000000000e+02 2.976060000000000000e+05 1.454535169237517779e-02 -3.054398565368038887e-01 7.069631449999541151e-05 -5.155708887361261372e-02
2.000000000000000000e+00 3.000000000000000000e+02 3.549120000000000000e+05 1.333331908450647793e-02 -3.050553513383339466e-01 2.346377625600796378e-06 -5.583442249543761615e-02
3.000000000000000000e+00 2.000000000000000000e+02 1.574280000000000000e+05 2.999990641350494189e-02 nan nan nan
3.000000000000000000e+00 2.250000000000000000e+02 1.992050000000000000e+05 2.666634864227080196e-02 -4.163801758471717407e-01 -7.564130762598780847e-06 -2.019935252564243958e-02
3.000000000000000000e+00 2.500000000000000000e+02 2.467800000000000000e+05 2.399965017723785371e-02 -4.166266544909829617e-01 -2.761417219093309635e-04 1.026924008359716284e-01
3.000000000000000000e+00 2.750000000000000000e+02 2.983740000000000000e+05 2.181804602672551482e-02 -4.160580051509047417e-01 2.724608770912287579e-05 -1.276356928427210824e-01
3.000000000000000000e+00 3.000000000000000000e+02 3.549940000000000000e+05 1.999996411848838432e-02 -4.162531207619441509e-01 -1.580880917491471742e-04 -7.823470132085916240e-02
4.000000000000000000e+00 2.000000000000000000e+02 1.577680000000000000e+05 3.999987162750946734e-02 -4.988783208686193849e-01 3.547486534784958969e-05 1.376538388380391942e-01
4.000000000000000000e+00 2.250000000000000000e+02 1.989420000000000000e+05 3.555552449624961586e-02 -4.976644455357900898e-01 -1.256412457720580179e-04 2.737470227767709874e-01
4.000000000000000000e+00 2.500000000000000000e+02 2.466680000000000000e+05 3.199997675182847390e-02 -4.973405841531468030e-01 -1.372203275096009457e-04 5.068781975577234949e-02
4.000000000000000000e+00 2.750000000000000000e+02 2.976060000000000000e+05 2.909070338475035558e-02 -4.973732791643402096e-01 1.413896987616737513e-04 -5.155626710353357345e-02
4.000000000000000000e+00 3.000000000000000000e+02 3.549120000000000000e+05 2.666663816901295586e-02 -4.966041291291864446e-01 4.689983819165153481e-06 -5.583139188233014055e-02
5.000000000000000000e+00 2.000000000000000000e+02 1.577980000000000000e+05 4.999995110311605123e-02 -5.563747983075976178e-01 4.381681735960250975e-04 2.123563671002969833e-01
5.000000000000000000e+00 2.250000000000000000e+02 2.001830000000000000e+05 4.444401606933234827e-02 -5.548830780115087125e-01 5.616003026781482956e-05 7.581029831161856247e-02
5.000000000000000000e+00 2.500000000000000000e+02 2.465560000000000000e+05 3.999947203428834419e-02 -5.552412458889418589e-01 4.085562646091697226e-04 5.855900838661798335e-02
5.000000000000000000e+00 2.750000000000000000e+02 2.974750000000000000e+05 3.636352778251041723e-02 -5.550398432474575872e-01 8.584671555726923074e-05 -1.329605237329195278e-01
5.000000000000000000e+00 3.000000000000000000e+02 3.548560000000000000e+05 3.333322416390976234e-02 -5.557015527556998791e-01 8.072805388830330139e-05 2.681900310109230478e-03
7.000000000000000000e+00 2.000000000000000000e+02 1.578800000000000000e+05 6.999907074279784758e-02 -6.299419685440038608e-01 -7.496414758900000423e-04 3.379415661536516735e-02
7.000000000000000000e+00 2.250000000000000000e+02 2.006850000000000000e+05 6.222160186102205365e-02 -6.269850531809594285e-01 -2.037082057929901201e-05 -2.243462994182265913e-01
7.000000000000000000e+00 2.500000000000000000e+02 2.468400000000000000e+05 5.599982393646042722e-02 -6.274438626158973520e-01 -3.714467359362524706e-04 1.477018378716638547e-01
7.000000000000000000e+00 2.750000000000000000e+02 2.977490000000000000e+05 5.090905709419221020e-02 -6.268454078101384219e-01 -4.584055817215220807e-04 1.128659464557132258e-02
7.000000000000000000e+00 3.000000000000000000e+02 3.543680000000000000e+05 4.666665153705303049e-02 -6.252082866559599550e-01 -3.748584348421051893e-04 -2.101540577008587929e-01
1.000000000000000000e+01 2.000000000000000000e+02 1.577980000000000000e+05 9.999990220623210246e-02 -6.841749483274085497e-01 8.761858310997067698e-04 2.121872653733946346e-01
1.000000000000000000e+01 2.250000000000000000e+02 2.001830000000000000e+05 8.888803213866469655e-02 -6.811923008331128848e-01 1.122954993034261140e-04 7.578280520225783023e-02
1.000000000000000000e+01 2.500000000000000000e+02 2.465560000000000000e+05 7.999894406857668838e-02 -6.819079491085596745e-01 8.169444846103304922e-04 5.854883882523980593e-02
1.000000000000000000e+01 2.750000000000000000e+02 2.974750000000000000e+05 7.272705556502083446e-02 -6.815046403560683919e-01 1.716755117827591418e-04 -1.329065098835134906e-01
1.000000000000000000e+01 3.000000000000000000e+02 3.548560000000000000e+05 6.666644832781952468e-02 -6.828275310349830596e-01 1.614353838951244858e-04 2.673829390916051662e-03
2.000000000000000000e+01 2.000000000000000000e+02 1.577980000000000000e+05 1.999998044124642049e-01 -7.509338421904622196e-01 1.751097771463284384e-03 2.115352544633584686e-01
2.000000000000000000e+01 2.250000000000000000e+02 2.001830000000000000e+05 1.777760642773293931e-01 -7.449794161441515294e-01 2.244102499221116258e-04 7.567602454429009362e-02
2.000000000000000000e+01 2.500000000000000000e+02 2.465560000000000000e+05 1.599978881371533768e-01 -7.464086950805334242e-01 1.632568698630387739e-03 5.850603132111073523e-02
2.000000000000000000e+01 2.750000000000000000e+02 2.974750000000000000e+05 1.454541111300416689e-01 -7.456007443389752742e-01 3.431684020336243598e-04 -1.326949052031123899e-01
2.000000000000000000e+01 3.000000000000000000e+02 3.548560000000000000e+05 1.333328966556390494e-01 -7.482441737484373245e-01 3.226950612106716356e-04 2.643893498889545151e-03
3.000000000000000000e+01 2.000000000000000000e+02 1.582080000000000000e+05 2.999964781161785221e-01 -7.841837720775062248e-01 -2.599980600920464430e-03 -3.279366369002241488e-02
3.000000000000000000e+01 2.250000000000000000e+02 1.991990000000000000e+05 2.666655807447408932e-01 nan nan nan
3.000000000000000000e+01 2.500000000000000000e+02 2.463480000000000000e+05 2.399988686510741986e-01 nan nan nan
3.000000000000000000e+01 2.750000000000000000e+02 2.981080000000000000e+05 2.181810974839692718e-01 -7.738410921363928496e-01 4.367939563275702926e-04 8.074875101144039780e-02
3.000000000000000000e+01 3.000000000000000000e+02 3.549940000000000000e+05 1.999992342431125836e-01 -7.691880414326773829e-01 -3.882536549052704468e-04 2.896081608644000133e-02
4.000000000000000000e+01 4.000000000000000000e+02 6.313950000000000000e+05 1.999999702345125197e-01 -7.751604882361001758e-01 -4.128667062711071506e-04 9.454663874924182365e-02
4.000000000000000000e+01 4.250000000000000000e+02 7.117720000000000000e+05 1.882349905572218707e-01 -7.780540218056118951e-01 -3.613805617229658433e-04 -6.587617098749780353e-02
4.000000000000000000e+01 4.500000000000000000e+02 7.985970000000000000e+05 1.777777301951174171e-01 -7.757346778121074760e-01 1.092150168212328246e-03 3.636048944896117657e-02
4.000000000000000000e+01 4.750000000000000000e+02 8.907760000000000000e+05 1.684209708204287004e-01 -7.727663651710963144e-01 -2.582793980952120534e-04 -2.606399572721879859e-02
4.000000000000000000e+01 5.000000000000000000e+02 9.870770000000000000e+05 1.599998529051351315e-01 -7.722472770820679733e-01 1.978600521793279763e-04 -3.708760624038932863e-02
5.000000000000000000e+01 4.000000000000000000e+02 6.298150000000000000e+05 2.499996426916627212e-01 -7.879800991861172221e-01 -4.573157535228534565e-04 8.340336576924153866e-02
5.000000000000000000e+01 4.250000000000000000e+02 7.122700000000000000e+05 2.352940462698449864e-01 -7.824786053409700237e-01 -1.933436804615552211e-04 -7.602008916348808321e-02
5.000000000000000000e+01 4.500000000000000000e+02 7.978640000000000000e+05 2.222221680059989490e-01 -7.848512669501467309e-01 6.603895900688070168e-04 -5.294797189322072994e-02
5.000000000000000000e+01 4.750000000000000000e+02 8.920020000000000000e+05 2.105262373014216981e-01 -7.793515417464474959e-01 -1.300765472292161927e-03 -8.245035608330854304e-02
5.000000000000000000e+01 5.000000000000000000e+02 9.863400000000000000e+05 1.999993867605269482e-01 -7.821035258125694778e-01 1.116978759191642519e-03 -5.198314506215091779e-02
