1.000000000000000000e+00 2.000000000000000000e+02 1.577680000000000000e+05 9.999967906877366836e-03 -4.166995012166625767e-02 2.217277560065660144e-06 3.441880453534638257e-02
1.000000000000000000e+00 2.250000000000000000e+02 1.989420000000000000e+05 8.888881124062403966e-03 -4.159411721550588387e-02 -7.853636293540420480e-06 6.844560366865987122e-02
1.000000000000000000e+00 2.500000000000000000e+02 2.466680000000000000e+05 7.999994187957118474e-03 -4.157390318519516709e-02 -8.576608745972916478e-06 1.267375373812947188e-02
1.000000000000000000e+00 2.750000000000000000e+02 2.976060000000000000e+05 7.272675846187588895e-03 -4.157596894374982616e-02 8.837094587832853204e-06 -1.288933635361295960e-02
1.000000000000000000e+00 3.000000000000000000e+02 3.549120000000000000e+05 6.666659542253238965e-03 -4.152791181519976255e-02 2.933534477449123522e-07 -1.395884379640868582e-02
2.000000000000000000e+00 2.000000000000000000e+02 1.577680000000000000e+05 1.999993581375473367e-02 -8.184381922401236242e-02 4.434542594305566913e-06 3.441854888036137428e-02
2.000000000000000000e+00 2.250000000000000000e+02 1.989420000000000000e+05 1.777776224812480793e-02 -8.169214648934639000e-02 -1.570716672244371263e-05 6.844517925623627708e-02
2.000000000000000000e+00 2.500000000000000000e+02 2.466680000000000000e+05 1.599998837591423695e-02 -8.165171324824756216e-02 -1.715318412240861732e-05 1.267366750919572162e-02
2.000000000000000000e+00 2.750000000000000000e+02 2.976060000000000000e+05 1.454535169237517779e-02 -8.165584070552768525e-02 1.767416792471951322e-05 -1.288932352643777472e-02
2.000000000000000000e+00 3.000000000000000000e+02 3.549120000000000000e+05 1.333331908450647793e-02 -8.155972359075111533e-02 5.866841807627861294e-07 -1.395879609268001892e-02
3.000000000000000000e+00 2.000000000000000000e+02 1.574280000000000000e+05 2.999990641350494189e-02 nan nan nan
3.000000000000000000e+00 2.250000000000000000e+02 1.992050000000000000e+05 2.666634864227080196e-02 -1.190002038538639367e-01 -1.891322659425447214e-06 -5.050477405546886268e-03
3.000000000000000000e+00 2.500000000000000000e+02 2.467800000000000000e+05 2.399965017723785371e-02 -1.190618708507800577e-01 -6.903750113284622190e-05 2.567417787972918822e-02
3.000000000000000000e+00 2.750000000000000000e+02 2.983740000000000000e+05 2.181804602672551482e-02 -1.189197348537321536e-01 6.811579239576624353e-06 -3.190965524179387169e-02
3.000000000000000000e+00 3.000000000000000000e+02 3.549940000000000000e+05 1.999996411848838432e-02 -1.189685411038217400e-01 -3.952240191359134849e-05 -1.955946112823548494e-02
4.000000000000000000e+00 2.000000000000000000e+02 1.577680000000000000e+05 3.999987162750946734e-02 -1.530959893660648607e-01 8.868993315770342284e-06 3.441752764414989646e-02
4.000000000000000000e+00 2.250000000000000000e+02 1.989420000000000000e+05 3.555552449624961586e-02 -1.527925998120797102e-01 -3.141349982178674125e-05 6.844348536459969601e-02
4.000000000000000000e+00 2.500000000000000000e+02 2.466680000000000000e+05 3.199997675182847390e-02 -1.527116998596126651e-01 -3.430610477203748800e-05 1.267332329802103863e-02
4.000000000000000000e+00 2.750000000000000000e+02 2.976060000000000000e+05 2.909070338475035558e-02 -1.527199282684038317e-01 3.534815725819898368e-05 -1.288927221839246233e-02
4.000000000000000000e+00 3.000000000000000000e+02 3.549120000000000000e+05 2.666663816901295586e-02 -1.525276756691623936e-01 1.173188807555104947e-06 -1.395860562387291059e-02
5.000000000000000000e+00 2.000000000000000000e+02 1.577980000000000000e+05 4.999995110311605123e-02 -1.827448444242015246e-01 1.095466532066840122e-04 5.309985664055560939e-02
5.000000000000000000e+00 2.250000000000000000e+02 2.001830000000000000e+05 4.444401606933234827e-02 -1.823720062293290312e-01 1.404084969912290222e-05 1.895431864863743668e-02
5.000000000000000000e+00 2.500000000000000000e+02 2.465560000000000000e+05 3.999947203428834419e-02 -1.824616530030737926e-01 1.021444284832606218e-04 1.464036865661658138e-02
5.000000000000000000e+00 2.750000000000000000e+02 2.974750000000000000e+05 3.636352778251041723e-02 -1.824113806509261582e-01 2.146207619730530354e-05 -3.324354137288389882e-02
5.000000000000000000e+00 3.000000000000000000e+02 3.548560000000000000e+05 3.333322416390976234e-02 -1.825768711229053820e-01 2.018263403331431593e-05 6.709990788695236819e-04
7.000000000000000000e+00 2.000000000000000000e+02 1.578800000000000000e+05 6.999907074279784758e-02 -2.308289283323663732e-01 -1.874405032387026161e-04 8.455272372074046708e-03
7.000000000000000000e+00 2.250000000000000000e+02 2.006850000000000000e+05 6.222160186102205365e-02 -2.300896855815052766e-01 -5.097859251341452136e-06 -5.610091807022809379e-02
7.000000000000000000e+00 2.500000000000000000e+02 2.468400000000000000e+05 5.599982393646042722e-02 -2.302045304098281342e-01 -9.286386647531023853e-05 3.693294270022161319e-02
7.000000000000000000e+00 2.750000000000000000e+02 2.977490000000000000e+05 5.090905709419221020e-02 -2.300549710986276031e-01 -1.146076428605521946e-04 2.822371478569874435e-03
7.000000000000000000e+00 3.000000000000000000e+02 3.543680000000000000e+05 4.666665153705303049e-02 -2.296456958230810308e-01 -9.371954278268708417e-05 -5.254512875865593319e-02
1.000000000000000000e+01 2.000000000000000000e+02 1.577980000000000000e+05 9.999990220623210246e-02 -2.781873991529789092e-01 2.190840864178081901e-04 5.308909177797462020e-02
1.000000000000000000e+01 2.250000000000000000e+02 2.001830000000000000e+05 8.888803213866469655e-02 -2.774415390057550779e-01 2.808001513356100202e-05 1.895257457790158057e-02
1.000000000000000000e+01 2.500000000000000000e+02 2.465560000000000000e+05 7.999894406857668838e-02 -2.776206229444777573e-01 2.042781323292345501e-04 1.463975209662947245e-02
1.000000000000000000e+01 2.750000000000000000e+02 2.974750000000000000e+05 7.272705556502083446e-02 -2.775199216233046884e-01 4.292335797720957718e-05 -3.324013093439157074e-02
1.000000000000000000e+01 3.000000000000000000e+02 3.548560000000000000e+05 6.666644832781952468e-02 -2.778507763778501061e-01 4.036402694550346784e-05 6.704750775139067722e-04
2.000000000000000000e+01 4.000000000000000000e+02 6.313950000000000000e+05 9.999998511725625983e-02 -3.394875163418889508e-01 -5.164633617178726599e-05 2.368754060738373704e-02
2.000000000000000000e+01 4.250000000000000000e+02 7.117720000000000000e+05 9.411749527861093534e-02 -3.398501580445370540e-01 -4.516927981320618902e-05 -1.651310255957104053e-02
2.000000000000000000e+01 4.500000000000000000e+02 7.985970000000000000e+05 8.888886509755870857e-02 -3.395594479696385504e-01 1.366753387854028365e-04 9.123894614433462891e-03
2.000000000000000000e+01 4.750000000000000000e+02 8.907760000000000000e+05 8.421048541021435019e-02 -3.391877767742408345e-01 -3.225594281199421526e-05 -6.528504904775674599e-03
2.000000000000000000e+01 5.000000000000000000e+02 9.870770000000000000e+05 7.999992645256756574e-02 -3.391230157693602143e-01 2.473194729077276820e-05 -9.289270844689568804e-03
3.000000000000000000e+01 4.000000000000000000e+02 6.309110000000000000e+05 1.499996514783973334e-01 -3.606961246226771389e-01 -1.061163229597802824e-04 -3.608021274770921612e-03
3.000000000000000000e+01 4.250000000000000000e+02 7.108560000000000000e+05 1.411761875715779879e-01 nan nan nan
3.000000000000000000e+01 4.500000000000000000e+02 7.987690000000000000e+05 1.333327459060560660e-01 nan nan nan
3.000000000000000000e+01 4.750000000000000000e+02 8.904480000000000000e+05 1.263157531665506927e-01 -3.605187444994961132e-01 -8.790129322813580758e-05 6.903976825238612725e-03
3.000000000000000000e+01 5.000000000000000000e+02 9.864620000000000000e+05 1.199997409368089712e-01 -3.602168081560288559e-01 3.169573932626145655e-04 -1.099067154494209365e-02
4.000000000000000000e+01 4.000000000000000000e+02 6.313950000000000000e+05 1.999999702345125197e-01 -3.702731964241576801e-01 -1.032810127101156639e-04 2.367749384035348903e-02
4.000000000000000000e+01 4.250000000000000000e+02 7.117720000000000000e+05 1.882349905572218707e-01 -3.709980654898968333e-01 -9.034473291025029926e-05 -1.650416228249794101e-02
4.000000000000000000e+01 4.500000000000000000e+02 7.985970000000000000e+05 1.777777301951174171e-01 -3.704169616148490496e-01 2.732862779519705477e-04 9.116879432102769840e-03
4.000000000000000000e+01 4.750000000000000000e+02 8.907760000000000000e+05 1.684209708204287004e-01 -3.696738637818353657e-01 -6.452513435516341142e-05 -6.525988400174911365e-03
4.000000000000000000e+01 5.000000000000000000e+02 9.870770000000000000e+05 1.599998529051351315e-01 -3.695442784228581412e-01 4.946664083092570886e-05 -9.285789785336017593e-03
5.000000000000000000e+01 4.000000000000000000e+02 6.298150000000000000e+05 2.499996426916627212e-01 -3.776376238628811333e-01 -1.146783942005742983e-04 2.091397240031104415e-02
5.000000000000000000e+01 4.250000000000000000e+02 7.122700000000000000e+05 2.352940462698449864e-01 -3.762597966747773248e-01 -4.909394374351334954e-05 -1.905058178820651787e-02
5.000000000000000000e+01 4.500000000000000000e+02 7.978640000000000000e+05 2.222221680059989490e-01 -3.768528856633523993e-01 1.653593565491101559e-04 -1.326801015236541911e-02
5.000000000000000000e+01 4.750000000000000000e+02 8.920020000000000000e+05 2.105262373014216981e-01 -3.754757469995138042e-01 -3.254945791275671478e-04 -2.067560082503787713e-02
5.000000000000000000e+01 5.000000000000000000e+02 9.863400000000000000e+05 1.999993867605269482e-01 -3.761653389714217366e-01 2.794428592440757102e-04 -1.303570583012063182e-02
