1.000000000000000000e+00 2.000000000000000000e+02 1.577680000000000000e+05 9.999967906877366836e-03 -1.599270727958941041e-01 8.869053160880453320e-06 1.376728329260339945e-01
1.000000000000000000e+00 2.250000000000000000e+02 1.989420000000000000e+05 8.888881124062403966e-03 -1.596237107934886934e-01 -3.141405333511915242e-05 2.737784559313997113e-01
1.000000000000000000e+00 2.500000000000000000e+02 2.466680000000000000e+05 7.999994187957118474e-03 -1.595428318570345505e-01 -3.430628001673032961e-05 5.069421061899623965e-02
1.000000000000000000e+00 2.750000000000000000e+02 2.976060000000000000e+05 7.272675846187588895e-03 -1.595510769635506698e-01 3.534827658638557744e-05 -5.155722570659964504e-02
1.000000000000000000e+00 3.000000000000000000e+02 3.549120000000000000e+05 6.666659542253238965e-03 -1.593588358802031091e-01 1.173308135082242691e-06 -5.583493017567484756e-02
2.000000000000000000e+00 2.000000000000000000e+02 1.577680000000000000e+05 1.999993581375473367e-02 -2.832867055065007023e-01 1.773777510602923951e-05 1.376646758635559076e-01
2.000000000000000000e+00 2.250000000000000000e+02 1.989420000000000000e+05 1.777776224812480793e-02 -2.826798485301452724e-01 -6.282482969521328386e-05 2.737649395148112341e-01
2.000000000000000000e+00 2.500000000000000000e+02 2.466680000000000000e+05 1.599998837591423695e-02 -2.825179873841632827e-01 -6.861151821304181143e-05 5.069146333261069504e-02
2.000000000000000000e+00 2.750000000000000000e+02 2.976060000000000000e+05 1.454535169237517779e-02 -2.825343945243632415e-01 7.069583164873434835e-05 -5.155681508594942702e-02
2.000000000000000000e+00 3.000000000000000000e+02 3.549120000000000000e+05 1.333331908450647793e-02 -2.821498561138046091e-01 2.345908013330031577e-06 -5.583340961762615212e-02
3.000000000000000000e+00 2.000000000000000000e+02 1.574280000000000000e+05 2.999990641350494189e-02 nan nan nan
3.000000000000000000e+00 2.250000000000000000e+02 1.992050000000000000e+05 2.666634864227080196e-02 -3.629825042440298910e-01 -7.562550383378807883e-06 -2.019597473686212188e-02
3.000000000000000000e+00 2.500000000000000000e+02 2.467800000000000000e+05 2.399965017723785371e-02 -3.632288465384613252e-01 -2.761308123109628798e-04 1.026866669783592506e-01
3.000000000000000000e+00 2.750000000000000000e+02 2.983740000000000000e+05 2.181804602672551482e-02 -3.626601431377489693e-01 2.724583736345700328e-05 -1.276317969453079904e-01
3.000000000000000000e+00 3.000000000000000000e+02 3.549940000000000000e+05 1.999996411848838432e-02 -3.628551783319293733e-01 -1.580860288029608477e-04 -7.823053195965086470e-02
4.000000000000000000e+00 2.000000000000000000e+02 1.577680000000000000e+05 3.999987162750946734e-02 -4.143977376807189139e-01 3.547388626284055872e-05 1.376322616832880985e-01
4.000000000000000000e+00 2.250000000000000000e+02 1.989420000000000000e+05 3.555552449624961586e-02 -4.131837882305171017e-01 -1.256250980297300896e-04 2.737114472307043966e-01
4.000000000000000000e+00 2.500000000000000000e+02 2.466680000000000000e+05 3.199997675182847390e-02 -4.128598238537913856e-01 -1.372150501884445936e-04 5.068058058842180025e-02
4.000000000000000000e+00 2.750000000000000000e+02 2.976060000000000000e+05 2.909070338475035558e-02 -4.128924119788500713e-01 1.413856822089062579e-04 -5.155516987578956378e-02
4.000000000000000000e+00 3.000000000000000000e+02 3.549120000000000000e+05 2.666663816901295586e-02 -4.121232142590694481e-01 4.686439744569277185e-06 -5.582738018761611298e-02
5.000000000000000000e+00 2.000000000000000000e+02 1.577980000000000000e+05 4.999995110311605123e-02 -4.458672201427713033e-01 4.381433473416412308e-04 2.122995508592696312e-01
5.000000000000000000e+00 2.250000000000000000e+02 2.001830000000000000e+05 4.444401606933234827e-02 -4.443755361923790170e-01 5.615580958273514719e-05 7.580107499460539411e-02
5.000000000000000000e+00 2.500000000000000000e+02 2.465560000000000000e+05 3.999947203428834419e-02 -4.447335200501204011e-01 4.085280608372598337e-04 5.855566107945345267e-02
5.000000000000000000e+00 2.750000000000000000e+02 2.974750000000000000e+05 3.636352778251041723e-02 -4.445319810563763130e-01 8.584402709253290196e-05 -1.329424392600992155e-01
5.000000000000000000e+00 3.000000000000000000e+02 3.548560000000000000e+05 3.333322416390976234e-02 -4.451935640038999775e-01 8.072465561410684890e-05 2.679165561203298955e-03
7.000000000000000000e+00 2.000000000000000000e+02 1.578800000000000000e+05 6.999907074279784758e-02 -4.841030470727560875e-01 -7.494798710056824534e-04 3.375898525860276250e-02
7.000000000000000000e+00 2.250000000000000000e+02 2.006850000000000000e+05 6.222160186102205365e-02 -4.811469306161568205e-01 -2.034008998303247107e-05 -2.242706141728166569e-01
7.000000000000000000e+00 2.500000000000000000e+02 2.468400000000000000e+05 5.599982393646042722e-02 -4.816055033846400324e-01 -3.714316215401960216e-04 1.476621073395361916e-01
7.000000000000000000e+00 2.750000000000000000e+02 2.977490000000000000e+05 5.090905709419221020e-02 -4.810071418719662484e-01 -4.583716387863115047e-04 1.128267536925401347e-02
7.000000000000000000e+00 3.000000000000000000e+02 3.543680000000000000e+05 4.666665153705303049e-02 -4.793702805256676025e-01 -3.748317752286631135e-04 -2.101190315924345575e-01
1.000000000000000000e+01 2.000000000000000000e+02 1.577980000000000000e+05 9.999990220623210246e-02 -5.107785750015446657e-01 8.759788604424382412e-04 2.119664470278284085e-01
1.000000000000000000e+01 2.250000000000000000e+02 2.001830000000000000e+05 8.888803213866469655e-02 -5.077976961182095739e-01 1.122646000973108406e-04 7.574675720052985450e-02
1.000000000000000000e+01 2.500000000000000000e+02 2.465560000000000000e+05 7.999894406857668838e-02 -5.085129602180343822e-01 8.167232981424006263e-04 5.853485779970116903e-02
1.000000000000000000e+01 2.750000000000000000e+02 2.974750000000000000e+05 7.272705556502083446e-02 -5.081093875701576668e-01 1.716470696926526414e-04 -1.328353302555585758e-01
1.000000000000000000e+01 3.000000000000000000e+02 3.548560000000000000e+05 6.666644832781952468e-02 -5.094318640974700996e-01 1.614067342001270248e-04 2.663521506901469008e-03
2.000000000000000000e+01 4.000000000000000000e+02 6.313950000000000000e+05 9.999998511725625983e-02 -5.371625229516264755e-01 -2.065231795299268553e-04 9.465585298867711106e-02
2.000000000000000000e+01 4.250000000000000000e+02 7.117720000000000000e+05 9.411749527861093534e-02 -5.386112458436573824e-01 -1.806954022859680233e-04 -6.596944260498115165e-02
2.000000000000000000e+01 4.500000000000000000e+02 7.985970000000000000e+05 8.888886509755870857e-02 -5.374498959283915411e-01 5.464050838426069267e-04 3.643110552326375706e-02
2.000000000000000000e+01 4.750000000000000000e+02 8.907760000000000000e+05 8.421048541021435019e-02 -5.359643819497768025e-01 -1.290822839455731987e-04 -2.609058775922212456e-02
2.000000000000000000e+01 5.000000000000000000e+02 9.870770000000000000e+05 7.999992645256756574e-02 -5.357050800181464290e-01 9.893496621978167262e-05 -3.712461330518705693e-02
3.000000000000000000e+01 4.000000000000000000e+02 6.309110000000000000e+05 1.499996514783973334e-01 -5.527208488192413283e-01 -4.234210041934354180e-04 -1.432928852436144394e-02
3.000000000000000000e+01 4.250000000000000000e+02 7.108560000000000000e+05 1.411761875715779879e-01 nan nan nan
3.000000000000000000e+01 4.500000000000000000e+02 7.987690000000000000e+05 1.333327459060560660e-01 nan nan nan
3.000000000000000000e+01 4.750000000000000000e+02 8.904480000000000000e+05 1.263157531665506927e-01 -5.520171436322451886e-01 -3.512183559055766409e-04 2.753770278207642863e-02
3.000000000000000000e+01 5.000000000000000000e+02 9.864620000000000000e+05 1.199997409368089712e-01 -5.508112395316059340e-01 1.266616531534712651e-03 -4.388068880428115659e-02
4.000000000000000000e+01 4.000000000000000000e+02 6.313950000000000000e+05 1.999999702345125197e-01 -5.580206783174452845e-01 -4.124578623786030154e-04 9.432632081653956335e-02
4.000000000000000000e+01 4.250000000000000000e+02 7.117720000000000000e+05 1.882349905572218707e-01 -5.609066876879167385e-01 -3.612859219168830386e-04 -6.569301900904124525e-02
4.000000000000000000e+01 4.500000000000000000e+02 7.985970000000000000e+05 1.777777301951174171e-01 -5.585938665436313011e-01 1.090844361929473906e-03 3.622522107693118554e-02
4.000000000000000000e+01 4.750000000000000000e+02 8.907760000000000000e+05 1.684209708204287004e-01 -5.556309282562795770e-01 -2.584751281075139441e-04 -2.601125044230518865e-02
4.000000000000000000e+01 5.000000000000000000e+02 9.870770000000000000e+05 1.599998529051351315e-01 -5.551109566681557972e-01 1.978081233128137911e-04 -3.701395971326389839e-02
5.000000000000000000e+01 4.000000000000000000e+02 6.298150000000000000e+05 2.499996426916627212e-01 -5.681700094734132289e-01 -4.553861134770242252e-04 8.307412476379272270e-02
5.000000000000000000e+01 4.250000000000000000e+02 7.122700000000000000e+05 2.352940462698449864e-01 -5.626815480662504809e-01 -1.897490946897014352e-04 -7.577917213069509939e-02
5.000000000000000000e+01 4.500000000000000000e+02 7.978640000000000000e+05 2.222221680059989490e-01 -5.650544150242934327e-01 6.589711490909111154e-04 -5.278643850695845935e-02
5.000000000000000000e+01 4.750000000000000000e+02 8.920020000000000000e+05 2.105262373014216981e-01 -5.595664367347024104e-01 -1.299112556856000600e-03 -8.212605967788291772e-02
5.000000000000000000e+01 5.000000000000000000e+02 9.863400000000000000e+05 1.999993867605269482e-01 -5.623103172338219657e-01 1.115941157951086523e-03 -5.177535078603114765e-02
